Weights (w):
w[0] = 0.030976356886511104
w[1] = -0.16607217223841877
w[2] = 0.6330397684216099
w[3] = -0.0772245821453327
w[4] = -0.682590852403875
w[5] = 0.8981385110304299
w[6] = 0.11644896889367315
w[7] = -0.03732934388710498
w[8] = -0.5219677825286522
w[9] = -0.1357819259737314
w[10] = 0.06230095232635788
w[11] = 0.5629103798863277
w[12] = 0.1432004353010863
w[13] = 0.09836925049925749
w[14] = -0.14445025192927996
w[15] = 0.22707978258429176

Bias (b):
b = 0.01282901819829347
